0.100000 	 0.000000 	 2.007007 	  0.000000 	 4   0 
0.200000 	 0.000000 	 2.007007 	  0.000000 	 4   0 
0.300000 	 0.000000 	 2.007007 	  0.000000 	 4   0 
0.400000 	 0.000000 	 2.007007 	  0.000000 	 4   0 
0.500000 	 0.000000 	 2.007007 	  0.000000 	 4   0 
0.600000 	 0.000000 	 2.007007 	  0.000000 	 4   0 
0.700000 	 0.000000 	 2.007007 	  0.000000 	 4   0 
0.800000 	 0.000000 	 2.007007 	  0.000000 	 4   0 
0.900000 	 0.000000 	 2.007007 	  0.000000 	 4   0 
1.000000 	 0.000000 	 2.007007 	  0.000000 	 4   0 
1.100000 	 0.000000 	 2.007007 	  0.000000 	 4   0 
1.200000 	 0.000000 	 2.007007 	  0.000000 	 4   0 
1.300000 	 0.000000 	 2.007007 	  0.000000 	 4   0 
1.400000 	 0.000000 	 2.007007 	  0.000000 	 4   0 
1.500000 	 0.000000 	 2.007007 	  0.000000 	 4   0 
1.600000 	 0.000000 	 2.007007 	  0.000000 	 4   0 
1.700000 	 0.000000 	 2.007007 	  0.000000 	 4   0 
1.800000 	 0.000000 	 2.007007 	  0.000000 	 4   0 
1.900000 	 0.000000 	 2.007007 	  0.000000 	 4   0 
2.000000 	 0.000000 	 2.007007 	  0.000000 	 4   0 
2.100000 	 0.000000 	 2.007007 	  0.000000 	 4   0 
2.200000 	 0.000000 	 2.007007 	  0.000000 	 4   0 
2.300000 	 0.000000 	 2.007007 	  0.000000 	 4   0 
2.400000 	 0.000000 	 2.007007 	  0.000000 	 4   0 
2.500000 	 0.000000 	 2.007007 	  0.000000 	 4   0 
2.600000 	 0.000000 	 2.007007 	  0.000000 	 4   0 
2.700000 	 0.000000 	 2.007007 	  0.000000 	 4   0 
2.799999 	 0.000000 	 2.007007 	  0.000000 	 4   0 
2.899999 	 0.000000 	 2.007007 	  0.000000 	 4   0 
2.999999 	 0.000000 	 2.007007 	  0.000000 	 4   0 
3.099999 	 0.000000 	 2.007007 	  0.000000 	 4   0 
3.199999 	 0.000000 	 2.007007 	  0.000000 	 4   0 
3.299999 	 0.000000 	 2.007007 	  0.000000 	 4   0 
3.399999 	 0.000000 	 2.007007 	  0.000000 	 4   0 
3.499999 	 0.000000 	 2.007007 	  0.000000 	 4   0 
3.599999 	 0.000000 	 2.007007 	  0.000000 	 4   0 
3.699999 	 0.000000 	 2.007007 	  0.000000 	 4   0 
3.799999 	 0.000000 	 2.007007 	  0.000000 	 4   0 
3.899998 	 0.000000 	 2.007007 	  0.000000 	 4   0 
3.999998 	 0.000000 	 2.007007 	  0.000000 	 4   0 
4.099998 	 0.000000 	 2.007007 	  0.000000 	 4   0 
4.199998 	 0.000000 	 2.007007 	  0.000000 	 4   0 
4.299998 	 0.000000 	 2.007007 	  0.000000 	 4   0 
4.399998 	 0.000000 	 2.007007 	  0.000000 	 4   0 
4.499998 	 0.000000 	 2.007007 	  0.000000 	 4   0 
4.599998 	 0.000000 	 2.007007 	  0.000000 	 4   0 
4.699998 	 0.000000 	 2.007007 	  0.000000 	 4   0 
4.799998 	 0.000000 	 2.007007 	  0.000000 	 4   0 
4.899998 	 0.000000 	 2.007007 	  0.000000 	 4   0 
4.999998 	 0.000000 	 2.007007 	  0.000000 	 4   0 
5.099998 	 0.000000 	 2.007007 	  0.000000 	 4   0 
5.199997 	 0.000000 	 2.007007 	  0.000000 	 4   0 
5.299997 	 0.000000 	 2.007007 	  0.000000 	 4   0 
5.399997 	 0.000000 	 2.007007 	  0.000000 	 4   0 
5.499997 	 0.000000 	 2.007007 	  0.000000 	 4   0 
5.599997 	 0.000000 	 2.007007 	  0.000000 	 4   0 
5.699997 	 0.000000 	 2.007007 	  0.000000 	 4   0 
5.799997 	 0.000000 	 2.007007 	  0.000000 	 4   0 
5.899997 	 0.000000 	 2.007007 	  0.000000 	 4   0 
5.999997 	 0.000000 	 2.007007 	  0.000000 	 4   0 
6.099997 	 0.000000 	 2.007007 	  0.000000 	 4   0 
6.199996 	 0.000000 	 2.007007 	  0.000000 	 4   0 
6.299996 	 0.000000 	 2.007007 	  0.000000 	 4   0 
6.399996 	 0.000000 	 2.007007 	  0.000000 	 4   0 
6.499996 	 0.000000 	 2.007007 	  0.000000 	 4   0 
6.599996 	 0.000000 	 2.007007 	  0.000000 	 4   0 
6.699996 	 0.000000 	 2.007007 	  0.000000 	 4   0 
6.799996 	 0.000000 	 2.007007 	  0.000000 	 4   0 
6.899996 	 0.000000 	 2.007007 	  0.000000 	 4   0 
6.999996 	 0.000000 	 2.007007 	  0.000000 	 4   0 
7.099996 	 0.000000 	 2.007007 	  0.000000 	 4   0 
7.199996 	 0.000000 	 2.007007 	  0.000000 	 4   0 
7.299995 	 0.000000 	 2.007007 	  0.000000 	 4   0 
7.399995 	 0.000000 	 2.007007 	  0.000000 	 4   0 
7.499995 	 0.000000 	 2.007007 	  0.000000 	 4   0 
7.599995 	 0.000000 	 2.007007 	  0.000000 	 4   0 
7.699995 	 0.000000 	 2.007007 	  0.000000 	 4   0 
7.799995 	 0.000000 	 2.007007 	  0.000000 	 4   0 
7.899995 	 0.000000 	 2.007007 	  0.000000 	 4   0 
7.999995 	 0.000000 	 2.007007 	  0.000000 	 4   0 
8.099995 	 0.000000 	 2.007007 	  0.000000 	 4   0 
8.199995 	 0.000000 	 2.007007 	  0.000000 	 4   0 
8.299995 	 0.000000 	 2.007007 	  0.000000 	 4   0 
8.399996 	 0.000000 	 2.007007 	  0.000000 	 4   0 
8.499996 	 0.000000 	 2.007007 	  0.000000 	 4   0 
8.599997 	 0.000000 	 2.007007 	  0.000000 	 4   0 
8.699997 	 0.000000 	 2.007007 	  0.000000 	 4   0 
8.799997 	 0.000000 	 2.007007 	  0.000000 	 4   0 
8.899998 	 0.000000 	 2.007007 	  0.000000 	 4   0 
8.999998 	 0.000000 	 2.007007 	  0.000000 	 4   0 
9.099998 	 0.000000 	 2.007007 	  0.000000 	 4   0 
9.199999 	 0.000000 	 2.007007 	  0.000000 	 4   0 
9.299999 	 0.000000 	 2.007007 	  0.000000 	 4   0 
9.400000 	 0.000000 	 2.007007 	  0.000000 	 4   0 
9.500000 	 0.000000 	 2.007007 	  0.000000 	 4   0 
9.600000 	 0.000000 	 2.007007 	  0.000000 	 4   0 
9.700001 	 0.000000 	 2.007007 	  0.000000 	 4   0 
9.800001 	 0.000000 	 2.007007 	  0.000000 	 4   0 
9.900002 	 0.000000 	 2.007007 	  0.000000 	 4   0 
10.000002 	 0.000000 	 2.007007 	  0.000000 	 4   0 
10.100002 	 0.000000 	 2.007007 	  0.000000 	 4   0 
10.200003 	 0.000000 	 2.007007 	  0.000000 	 4   0 
10.300003 	 0.000000 	 2.007007 	  0.000000 	 4   0 
10.400003 	 0.000000 	 2.007007 	  0.000000 	 4   0 
10.500004 	 0.000000 	 2.007007 	  0.000000 	 4   0 
10.600004 	 0.000000 	 2.007007 	  0.000000 	 4   0 
10.700005 	 0.000000 	 2.007007 	  0.000000 	 4   0 
10.800005 	 0.000000 	 2.007007 	  0.000000 	 4   0 
10.900005 	 0.000000 	 2.007007 	  0.000000 	 4   0 
11.000006 	 0.000000 	 2.007007 	  0.000000 	 4   0 
11.100006 	 0.000000 	 2.007007 	  0.000000 	 4   0 
11.200006 	 0.000000 	 2.007007 	  0.000000 	 4   0 
11.300007 	 0.000000 	 2.007007 	  0.000000 	 4   0 
11.400007 	 0.000000 	 2.007007 	  0.000000 	 4   0 
11.500008 	 0.000000 	 2.007007 	  0.000000 	 4   0 
11.600008 	 0.000000 	 2.007007 	  0.000000 	 4   0 
11.700008 	 0.000000 	 2.007007 	  0.000000 	 4   0 
11.800009 	 0.000000 	 2.007007 	  0.000000 	 4   0 
11.900009 	 0.000000 	 2.007007 	  0.000000 	 4   0 
12.000010 	 0.000000 	 2.007007 	  0.000000 	 4   0 
12.100010 	 0.000000 	 2.007007 	  0.000000 	 4   0 
12.200010 	 0.000000 	 2.007007 	  0.000000 	 4   0 
12.300011 	 0.000000 	 2.007007 	  0.000000 	 4   0 
12.400011 	 0.000000 	 2.007007 	  0.000000 	 4   0 
12.500011 	 0.000000 	 2.007007 	  0.000000 	 4   0 
12.600012 	 0.000000 	 2.007007 	  0.000000 	 4   0 
12.700012 	 0.000000 	 2.007007 	  0.000000 	 4   0 
12.800013 	 0.000000 	 2.007007 	  0.000000 	 4   0 
12.900013 	 0.000000 	 2.007007 	  0.000000 	 4   0 
13.000013 	 0.000000 	 2.007007 	  0.000000 	 4   0 
13.100014 	 0.000000 	 2.007007 	  0.000000 	 4   0 
13.200014 	 0.000000 	 2.007007 	  0.000000 	 4   0 
13.300014 	 0.000000 	 2.007007 	  0.000000 	 4   0 
13.400015 	 0.000000 	 2.007007 	  0.000000 	 4   0 
13.500015 	 0.000000 	 2.007007 	  0.000000 	 4   0 
13.600016 	 0.000000 	 2.007007 	  0.000000 	 4   0 
13.700016 	 0.000000 	 2.007007 	  0.000000 	 4   0 
13.800016 	 0.000000 	 2.007007 	  0.000000 	 4   0 
13.900017 	 0.000000 	 2.007007 	  0.000000 	 4   0 
14.000017 	 0.000000 	 2.007007 	  0.000000 	 4   0 
14.100018 	 0.000000 	 2.007007 	  0.000000 	 4   0 
14.200018 	 0.000000 	 2.007007 	  0.000000 	 4   0 
14.300018 	 0.000000 	 2.007007 	  0.000000 	 4   0 
14.400019 	 0.000000 	 2.007007 	  0.000000 	 4   0 
14.500019 	 0.000000 	 2.007007 	  0.000000 	 4   0 
14.600019 	 0.000000 	 2.007007 	  0.000000 	 4   0 
14.700020 	 0.000000 	 2.007007 	  0.000000 	 4   0 
14.800020 	 0.000000 	 2.007007 	  0.000000 	 4   0 
14.900021 	 0.000000 	 2.007007 	  0.000000 	 4   0 
15.000021 	 0.000000 	 2.007007 	  0.000000 	 4   0 
15.100021 	 0.000000 	 2.007007 	  0.000000 	 4   0 
15.200022 	 0.000000 	 2.007007 	  0.000000 	 4   0 
15.300022 	 0.000000 	 2.007007 	  0.000000 	 4   0 
15.400023 	 0.000000 	 2.007007 	  0.000000 	 4   0 
15.500023 	 0.000000 	 2.007007 	  0.000000 	 4   0 
15.600023 	 0.000000 	 2.007007 	  0.000000 	 4   0 
15.700024 	 0.000000 	 2.007007 	  0.000000 	 4   0 
15.800024 	 0.000000 	 2.007007 	  0.000000 	 4   0 
15.900024 	 0.000000 	 2.007007 	  0.000000 	 4   0 
16.000025 	 0.000000 	 2.007007 	  0.000000 	 4   0 
16.100025 	 0.000000 	 2.007007 	  0.000000 	 4   0 
16.200026 	 0.000000 	 2.007007 	  0.000000 	 4   0 
16.300026 	 0.000000 	 2.007007 	  0.000000 	 4   0 
16.400026 	 0.000000 	 2.007007 	  0.000000 	 4   0 
16.500027 	 0.000000 	 2.007007 	  0.000000 	 4   0 
16.600027 	 0.000000 	 2.007007 	  0.000000 	 4   0 
16.700027 	 0.000000 	 2.007007 	  0.000000 	 4   0 
16.800028 	 0.000000 	 2.007007 	  0.000000 	 4   0 
16.900028 	 0.000000 	 2.007007 	  0.000000 	 4   0 
17.000029 	 0.000000 	 2.007007 	  0.000000 	 4   0 
17.100029 	 0.000000 	 2.007007 	  0.000000 	 4   0 
17.200029 	 0.000000 	 2.007007 	  0.000000 	 4   0 
17.300030 	 0.000000 	 2.007007 	  0.000000 	 4   0 
17.400030 	 0.000000 	 2.007007 	  0.000000 	 4   0 
17.500031 	 0.000000 	 2.007007 	  0.000000 	 4   0 
17.600031 	 0.000000 	 2.007007 	  0.000000 	 4   0 
17.700031 	 0.000000 	 2.007007 	  0.000000 	 4   0 
17.800032 	 0.000000 	 2.007007 	  0.000000 	 4   0 
17.900032 	 0.000000 	 2.007007 	  0.000000 	 4   0 
18.000032 	 0.000000 	 2.007007 	  0.000000 	 4   0 
18.100033 	 0.000000 	 2.007007 	  0.000000 	 4   0 
18.200033 	 0.000000 	 2.007007 	  0.000000 	 4   0 
18.300034 	 0.000000 	 2.007007 	  0.000000 	 4   0 
18.400034 	 0.000000 	 2.007007 	  0.000000 	 4   0 
18.500034 	 0.000000 	 2.007007 	  0.000000 	 4   0 
18.600035 	 0.000000 	 2.007007 	  0.000000 	 4   0 
18.700035 	 0.000000 	 2.007007 	  0.000000 	 4   0 
18.800035 	 0.000000 	 2.007007 	  0.000000 	 4   0 
18.900036 	 0.000000 	 2.007007 	  0.000000 	 4   0 
19.000036 	 0.000000 	 2.007007 	  0.000000 	 4   0 
19.100037 	 0.000000 	 2.007007 	  0.000000 	 4   0 
19.200037 	 0.000000 	 2.007007 	  0.000000 	 4   0 
19.300037 	 0.000000 	 2.007007 	  0.000000 	 4   0 
19.400038 	 0.000000 	 2.007007 	  0.000000 	 4   0 
19.500038 	 0.000000 	 2.007007 	  0.000000 	 4   0 
19.600039 	 0.000000 	 2.007007 	  0.000000 	 4   0 
19.700039 	 0.000000 	 2.007007 	  0.000000 	 4   0 
19.800039 	 0.000000 	 2.007007 	  0.000000 	 4   0 
19.900040 	 0.000000 	 2.007007 	  0.000000 	 4   0 
20.000040 	 0.000000 	 2.007007 	  0.000000 	 4   0 
