0.100000 	 0.000000 	 0.049937430769205 	  -0.000000031551529 	 0   0 
0.200000 	 0.000000 	 0.099500760436058 	  -0.000000062866675 	 0   0 
0.300000 	 0.000000 	 0.148318991065025 	  -0.000000093711051 	 0   0 
0.400000 	 0.000000 	 0.196026623249054 	  -0.000000123853738 	 0   0 
0.500000 	 0.000000 	 0.242268070578575 	  -0.000000153070104 	 0   0 
0.600000 	 0.000000 	 0.286700487136841 	  -0.000000181143434 	 0   0 
0.700000 	 0.000000 	 0.328995376825333 	  -0.000000207866222 	 0   0 
0.800000 	 0.000000 	 0.368842095136642 	  -0.000000233042257 	 0   0 
0.900000 	 0.000000 	 0.405949413776398 	  -0.000000256487425 	 0   0 
1.000000 	 0.000000 	 0.440049886703491 	  -0.000000278032758 	 0   0 
1.100000 	 0.000000 	 0.470901757478714 	  -0.000000297525702 	 0   0 
1.200000 	 0.000000 	 0.498288929462433 	  -0.000000314829464 	 0   0 
1.300000 	 0.000000 	 0.522022962570190 	  -0.000000329825099 	 0   0 
1.400000 	 0.000000 	 0.541947126388550 	  -0.000000342413642 	 0   0 
1.500000 	 0.000000 	 0.557936608791351 	  -0.000000352516082 	 0   0 
1.600000 	 0.000000 	 0.569896221160889 	  -0.000000360072477 	 0   0 
1.700000 	 0.000000 	 0.577764928340912 	  -0.000000365044031 	 0   0 
1.800000 	 0.000000 	 0.581516861915588 	  -0.000000367414628 	 0   0 
1.900000 	 0.000000 	 0.581156969070435 	  -0.000000367187170 	 0   0 
2.000000 	 0.000000 	 0.576724410057068 	  -0.000000364386693 	 0   0 
2.100000 	 0.000000 	 0.568292140960693 	  -0.000000359058930 	 0   0 
2.200000 	 0.000000 	 0.555962741374969 	  -0.000000351268994 	 0   0 
2.300000 	 0.000000 	 0.539872348308563 	  -0.000000341102805 	 0   0 
2.400000 	 0.000000 	 0.520184695720673 	  -0.000000328663702 	 0   0 
2.500000 	 0.000000 	 0.497093975543976 	  -0.000000314074470 	 0   0 
2.600000 	 0.000000 	 0.470817834138870 	  -0.000000297472582 	 0   0 
2.700000 	 0.000000 	 0.441601097583771 	  -0.000000279012909 	 0   0 
2.799999 	 0.000000 	 0.409709185361862 	  -0.000000258862968 	 0   0 
2.899999 	 0.000000 	 0.375427424907684 	  -0.000000237202968 	 0   0 
2.999999 	 0.000000 	 0.339058876037598 	  -0.000000214224585 	 0   0 
3.099999 	 0.000000 	 0.300921171903610 	  -0.000000190128361 	 0   0 
3.199999 	 0.000000 	 0.261343389749527 	  -0.000000165122259 	 0   0 
3.299999 	 0.000000 	 0.220663815736771 	  -0.000000139420052 	 0   0 
3.399999 	 0.000000 	 0.179226294159889 	  -0.000000113238926 	 0   0 
3.499999 	 0.000000 	 0.137377947568893 	  -0.000000086798288 	 0   0 
3.599999 	 0.000000 	 0.095466040074825 	  -0.000000060317440 	 0   0 
3.699999 	 0.000000 	 0.053834579885006 	  -0.000000034013816 	 0   0 
3.799999 	 0.000000 	 0.012821598909795 	  -0.000000008100957 	 0   0 
3.899998 	 0.000000 	 -0.027243424206972 	  0.000000017212962 	 0   0 
3.999998 	 0.000000 	 -0.066042639315128 	  0.000000041727137 	 0   0 
4.099998 	 0.000000 	 -0.103272669017315 	  0.000000065249843 	 0   0 
4.199998 	 0.000000 	 -0.138646379113197 	  0.000000087599680 	 0   0 
4.299998 	 0.000000 	 -0.171895921230316 	  0.000000108607466 	 0   0 
4.399998 	 0.000000 	 -0.202774941921234 	  0.000000128117463 	 0   0 
4.499998 	 0.000000 	 -0.231059715151787 	  0.000000145988437 	 0   0 
4.599998 	 0.000000 	 -0.256552308797836 	  0.000000162095176 	 0   0 
4.699998 	 0.000000 	 -0.279080092906952 	  0.000000176328655 	 0   0 
4.799998 	 0.000000 	 -0.298499286174774 	  0.000000188598150 	 0   0 
4.899998 	 0.000000 	 -0.314694195985794 	  0.000000198830392 	 0   0 
4.999998 	 0.000000 	 -0.327578812837601 	  0.000000206971137 	 0   0 
5.099998 	 0.000000 	 -0.337096810340881 	  0.000000212984872 	 0   0 
5.199997 	 0.000000 	 -0.343222886323929 	  0.000000216855440 	 0   0 
5.299997 	 0.000000 	 -0.345960617065430 	  0.000000218585214 	 0   0 
5.399997 	 0.000000 	 -0.345344632863998 	  0.000000218196007 	 0   0 
5.499997 	 0.000000 	 -0.341438204050064 	  0.000000215727894 	 0   0 
5.599997 	 0.000000 	 -0.334332734346390 	  0.000000211238500 	 0   0 
5.699997 	 0.000000 	 -0.324147880077362 	  0.000000204803456 	 0   0 
5.799997 	 0.000000 	 -0.311027884483337 	  0.000000196513938 	 0   0 
5.899997 	 0.000000 	 -0.295142978429794 	  0.000000186477479 	 0   0 
5.999997 	 0.000000 	 -0.276684492826462 	  0.000000174815099 	 0   0 
6.099997 	 0.000000 	 -0.255865305662155 	  0.000000161661092 	 0   0 
6.199996 	 0.000000 	 -0.232917219400406 	  0.000000147161984 	 0   0 
6.299996 	 0.000000 	 -0.208087936043739 	  0.000000131474351 	 0   0 
6.399996 	 0.000000 	 -0.181638449430466 	  0.000000114762976 	 0   0 
6.499996 	 0.000000 	 -0.153842493891716 	  0.000000097200953 	 0   0 
6.599996 	 0.000000 	 -0.124981433153152 	  0.000000078965876 	 0   0 
6.699996 	 0.000000 	 -0.095343232154846 	  -0.000000025092678 	 0   0 
6.799996 	 0.000000 	 -0.065220005810261 	  0.000000020761020 	 0   0 
6.899996 	 0.000000 	 -0.034903336316347 	  -0.000000005410583 	 0   0 
6.999996 	 0.000000 	 -0.004684001207352 	  -0.000000001780201 	 0   0 
7.099996 	 0.000000 	 0.025151891633868 	  -0.000000006488099 	 0   0 
7.199996 	 0.000000 	 0.054326180368662 	  0.000000011179577 	 0   0 
7.299995 	 0.000000 	 0.082569077610970 	  -0.000000024489760 	 0   0 
7.399995 	 0.000000 	 0.109623923897743 	  0.000000040686388 	 0   0 
7.499995 	 0.000000 	 0.135247275233269 	  0.000000024017973 	 0   0 
7.599995 	 0.000000 	 0.159212753176689 	  0.000000074800759 	 0   0 
7.699995 	 0.000000 	 0.181311771273613 	  0.000000105733733 	 0   0 
7.799995 	 0.000000 	 0.201355904340744 	  0.000000007080677 	 0   0 
7.899995 	 0.000000 	 0.219178617000580 	  0.000000093731529 	 0   0 
7.999995 	 0.000000 	 0.234635591506958 	  -0.000000095963912 	 0   0 
8.099995 	 0.000000 	 0.247607141733170 	  0.000000005356920 	 0   0 
8.199995 	 0.000000 	 0.257998108863831 	  -0.000000101330123 	 0   0 
8.299995 	 0.000000 	 0.265738993883133 	  -0.000000066549603 	 0   0 
8.399996 	 0.000000 	 0.270786106586456 	  0.000000023824388 	 0   0 
8.499996 	 0.000000 	 0.273121923208237 	  -0.000000014900455 	 0   0 
8.599997 	 0.000000 	 0.272754877805710 	  -0.000000015760508 	 0   0 
8.699997 	 0.000000 	 0.269719153642654 	  0.000000066962087 	 0   0 
8.799997 	 0.000000 	 0.264073878526688 	  0.000000026789488 	 0   0 
8.899998 	 0.000000 	 0.255902528762817 	  0.000000102944682 	 0   0 
8.999998 	 0.000000 	 0.245312005281448 	  0.000000075391632 	 0   0 
9.099998 	 0.000000 	 0.232430920004845 	  0.000000068148452 	 0   0 
9.199999 	 0.000000 	 0.217408806085587 	  0.000000053172311 	 0   0 
9.299999 	 0.000000 	 0.200414061546326 	  0.000000024900428 	 0   0 
9.400000 	 0.000000 	 0.181632235646248 	  0.000000053302887 	 0   0 
9.500000 	 0.000000 	 0.161264479160309 	  -0.000000016463833 	 0   0 
9.600000 	 0.000000 	 0.139524757862091 	  -0.000000006029142 	 0   0 
9.700001 	 0.000000 	 0.116638474166393 	  0.000000012004874 	 0   0 
9.800001 	 0.000000 	 0.092839807271957 	  0.000000013061914 	 0   0 
9.900002 	 0.000000 	 0.068369425833225 	  0.000000011866084 	 0   0 
10.000002 	 0.000000 	 0.043472196906805 	  0.000000012609890 	 0   0 
10.100002 	 0.000000 	 0.018394934013486 	  0.000000001893614 	 0   0 
10.200003 	 0.000000 	 -0.006616493221372 	  -0.000000002522334 	 0   0 
10.300003 	 0.000000 	 -0.031318470835686 	  0.000000010006040 	 0   0 
10.400003 	 0.000000 	 -0.055473502725363 	  0.000000015895301 	 0   0 
10.500004 	 0.000000 	 -0.078850910067558 	  -0.000000013841492 	 0   0 
10.600004 	 0.000000 	 -0.101229533553123 	  0.000000018944034 	 0   0 
10.700005 	 0.000000 	 -0.122400239109993 	  0.000000050022397 	 0   0 
10.800005 	 0.000000 	 -0.142167478799820 	  0.000000019839833 	 0   0 
10.900005 	 0.000000 	 -0.160350635647774 	  -0.000000011448668 	 0   0 
11.000006 	 0.000000 	 -0.176786214113235 	  -0.000000004813130 	 0   0 
11.100006 	 0.000000 	 -0.191329076886177 	  0.000000078237186 	 0   0 
11.200006 	 0.000000 	 -0.203853830695152 	  0.000000048354206 	 0   0 
11.300007 	 0.000000 	 -0.214255675673485 	  0.000000060901229 	 0   0 
11.400007 	 0.000000 	 -0.222451150417328 	  -0.000000119002948 	 0   0 
11.500008 	 0.000000 	 -0.228378996253014 	  -0.000000003279414 	 0   0 
11.600008 	 0.000000 	 -0.232000678777695 	  -0.000000039505959 	 0   0 
11.700008 	 0.000000 	 -0.233300238847733 	  -0.000000120511629 	 0   0 
11.800009 	 0.000000 	 -0.232284545898438 	  -0.000000067077330 	 0   0 
11.900009 	 0.000000 	 -0.228982865810394 	  -0.000000033253293 	 0   0 
12.000010 	 0.000000 	 -0.223446473479271 	  0.000000034872279 	 0   0 
12.100010 	 0.000000 	 -0.215748071670532 	  0.000000032532657 	 0   0 
12.200010 	 0.000000 	 -0.205980926752090 	  0.000000006422678 	 0   0 
12.300011 	 0.000000 	 -0.194257527589798 	  0.000000012257992 	 0   0 
12.400011 	 0.000000 	 -0.180708706378937 	  0.000000070542079 	 0   0 
12.500011 	 0.000000 	 -0.165481910109520 	  -0.000000068442098 	 0   0 
12.600012 	 0.000000 	 -0.148740351200104 	  0.000000059959618 	 0   0 
12.700012 	 0.000000 	 -0.130659952759743 	  0.000000000750259 	 0   0 
12.800013 	 0.000000 	 -0.111429154872894 	  0.000000037757836 	 0   0 
12.900013 	 0.000000 	 -0.091245643794537 	  0.000000031220811 	 0   0 
13.000013 	 0.000000 	 -0.070315204560757 	  -0.000000004989121 	 0   0 
13.100014 	 0.000000 	 -0.048849403858185 	  -0.000000016109627 	 0   0 
13.200014 	 0.000000 	 -0.027063658460975 	  0.000000004291594 	 0   0 
13.300014 	 0.000000 	 -0.005174159538001 	  -0.000000004056966 	 0   0 
13.400015 	 0.000000 	 0.016602298244834 	  0.000000005458968 	 0   0 
13.500015 	 0.000000 	 0.038052454590797 	  -0.000000011735835 	 0   0 
13.600016 	 0.000000 	 0.058967858552933 	  0.000000029355300 	 0   0 
13.700016 	 0.000000 	 0.079145938158035 	  0.000000008574729 	 0   0 
13.800016 	 0.000000 	 0.098393537104130 	  -0.000000011625674 	 0   0 
13.900017 	 0.000000 	 0.116527773439884 	  -0.000000023031525 	 0   0 
14.000017 	 0.000000 	 0.133377894759178 	  -0.000000031282038 	 0   0 
14.100018 	 0.000000 	 0.148786917328835 	  0.000000006503683 	 0   0 
14.200018 	 0.000000 	 0.162612974643707 	  -0.000000093606438 	 0   0 
14.300018 	 0.000000 	 0.174731135368347 	  0.000000066189479 	 0   0 
14.400019 	 0.000000 	 0.185033485293388 	  0.000000147672637 	 0   0 
14.500019 	 0.000000 	 0.193430885672569 	  -0.000000011755518 	 0   0 
14.600019 	 0.000000 	 0.199853673577309 	  -0.000000056435823 	 0   0 
14.700020 	 0.000000 	 0.204251945018768 	  0.000000098027591 	 0   0 
14.800020 	 0.000000 	 0.206595808267593 	  -0.000000036783966 	 0   0 
14.900021 	 0.000000 	 0.206876069307327 	  -0.000000133491255 	 0   0 
15.000021 	 0.000000 	 0.205103471875191 	  -0.000000009840277 	 0   0 
15.100021 	 0.000000 	 0.201309219002724 	  -0.000000068708033 	 0   0 
15.200022 	 0.000000 	 0.195543974637985 	  0.000000017208203 	 0   0 
15.300022 	 0.000000 	 0.187877580523491 	  -0.000000040072734 	 0   0 
15.400023 	 0.000000 	 0.178397938609123 	  0.000000066224686 	 0   0 
15.500023 	 0.000000 	 0.167210340499878 	  0.000000175209536 	 0   0 
15.600023 	 0.000000 	 0.154436498880386 	  -0.000000076413585 	 0   0 
15.700024 	 0.000000 	 0.140212193131447 	  0.000000047522594 	 0   0 
15.800024 	 0.000000 	 0.124687470495701 	  -0.000000016511882 	 0   0 
15.900024 	 0.000000 	 0.108023874461651 	  -0.000000100339001 	 0   0 
16.000025 	 0.000000 	 0.090392656624317 	  0.000000023431999 	 0   0 
16.100025 	 0.000000 	 0.071974776685238 	  -0.000000026681500 	 0   0 
16.200026 	 0.000000 	 0.052956592291594 	  -0.000000003101035 	 0   0 
16.300026 	 0.000000 	 0.033530078828335 	  -0.000000011641822 	 0   0 
16.400026 	 0.000000 	 0.013889437541366 	  0.000000004473002 	 0   0 
16.500027 	 0.000000 	 -0.005769498646259 	  -0.000000001528942 	 0   0 
16.600027 	 0.000000 	 -0.025252379477024 	  -0.000000006466874 	 0   0 
16.700027 	 0.000000 	 -0.044367533177137 	  0.000000007857740 	 0   0 
16.800028 	 0.000000 	 -0.062928371131420 	  -0.000000032490917 	 0   0 
16.900028 	 0.000000 	 -0.080754257738590 	  -0.000000033090320 	 0   0 
17.000029 	 0.000000 	 -0.097673334181309 	  -0.000000079186982 	 0   0 
17.100029 	 0.000000 	 -0.113523289561272 	  -0.000000011530014 	 0   0 
17.200029 	 0.000000 	 -0.128153771162033 	  0.000000019654150 	 0   0 
17.300030 	 0.0