0.120000 	 0.042032 	 0.040733 	 -7.003534 	 -10.074474 	 -7.005986 	 10.071056 
0.180000 	 0.063112 	 0.061155 	 -7.017463 	 -10.098862 	 -7.022993 	 10.091152 
0.240000 	 0.084267 	 0.081646 	 -7.036970 	 -10.133013 	 -7.046809 	 10.119294 
0.300000 	 0.067872 	 0.047519 	 -7.035078 	 -10.169419 	 -6.953532 	 10.147350 
0.360000 	 0.050166 	 0.011530 	 -7.030707 	 -10.194666 	 -6.985631 	 10.162449 
0.420000 	 0.036492 	 -0.018553 	 -7.024828 	 -10.210947 	 -7.005710 	 10.166862 
0.480000 	 0.025337 	 -0.044928 	 -7.015915 	 -10.220036 	 -7.017719 	 10.162351 
0.540000 	 0.015861 	 -0.068812 	 -7.003310 	 -10.222896 	 -7.023624 	 10.149852 
0.600000 	 0.007561 	 -0.090931 	 -6.986918 	 -10.220383 	 -7.024706 	 10.130224 
0.660000 	 0.000120 	 -0.111744 	 -6.966657 	 -10.212926 	 -7.021647 	 10.103918 
0.720000 	 -0.006675 	 -0.131554 	 -6.942586 	 -10.200936 	 -7.014965 	 10.071357 
0.780000 	 -0.012970 	 -0.150568 	 -6.914745 	 -10.184696 	 -7.005004 	 10.032815 
0.840000 	 -0.018870 	 -0.168933 	 -6.883258 	 -10.164489 	 -6.992055 	 9.988610 
0.900000 	 -0.024448 	 -0.186752 	 -6.848144 	 -10.140433 	 -6.976265 	 9.938874 
0.960000 	 -0.029763 	 -0.204103 	 -6.809512 	 -10.112724 	 -6.957813 	 9.883821 
1.020000 	 -0.034857 	 -0.221043 	 -6.767416 	 -10.081495 	 -6.936828 	 9.823587 
1.080000 	 -0.039763 	 -0.237614 	 -6.721942 	 -10.046847 	 -6.913400 	 9.758324 
1.140000 	 -0.044505 	 -0.253848 	 -6.673127 	 -10.008861 	 -6.887603 	 9.688114 
1.200000 	 -0.049105 	 -0.269769 	 -6.621048 	 -9.967634 	 -6.859519 	 9.613091 
1.260000 	 -0.053579 	 -0.285397 	 -6.565768 	 -9.923265 	 -6.829224 	 9.533361 
1.320000 	 -0.057939 	 -0.300744 	 -6.507334 	 -9.875772 	 -6.796743 	 9.448997 
1.380000 	 -0.062196 	 -0.315820 	 -6.445811 	 -9.825265 	 -6.762153 	 9.360111 
1.440000 	 -0.066358 	 -0.330634 	 -6.381232 	 -9.771764 	 -6.725474 	 9.266755 
1.500000 	 -0.070432 	 -0.345189 	 -6.313681 	 -9.715352 	 -6.686770 	 9.169056 
1.559999 	 -0.074423 	 -0.359489 	 -6.243189 	 -9.656064 	 -6.646065 	 9.067063 
1.619999 	 -0.078337 	 -0.373537 	 -6.169809 	 -9.593951 	 -6.603399 	 8.960860 
1.679999 	 -0.082176 	 -0.387333 	 -6.093622 	 -9.529080 	 -6.558821 	 8.850565 
1.739999 	 -0.085944 	 -0.400875 	 -6.014640 	 -9.461444 	 -6.512326 	 8.736198 
1.799999 	 -0.089644 	 -0.414165 	 -5.932959 	 -9.391161 	 -6.463997 	 8.617901 
1.859999 	 -0.093277 	 -0.427201 	 -5.848606 	 -9.318234 	 -6.413839 	 8.495715 
1.919999 	 -0.096844 	 -0.439979 	 -5.761639 	 -9.242698 	 -6.361877 	 8.369726 
1.979999 	 -0.100348 	 -0.452498 	 -5.672111 	 -9.164611 	 -6.308150 	 8.240013 
2.039999 	 -0.103788 	 -0.464755 	 -5.580086 	 -9.084010 	 -6.252687 	 8.106669 
2.099999 	 -0.107166 	 -0.476746 	 -5.485620 	 -9.000943 	 -6.195520 	 7.969776 
2.159999 	 -0.110482 	 -0.488470 	 -5.388762 	 -8.915458 	 -6.136683 	 7.829406 
2.219999 	 -0.113736 	 -0.499921 	 -5.289581 	 -8.827580 	 -6.076195 	 7.685657 
2.279999 	 -0.116929 	 -0.511098 	 -5.188128 	 -8.737374 	 -6.014099 	 7.538609 
2.339999 	 -0.120060 	 -0.521995 	 -5.084452 	 -8.644852 	 -5.950406 	 7.388329 
2.399999 	 -0.123129 	 -0.532609 	 -4.978631 	 -8.550079 	 -5.885159 	 7.234933 
2.459999 	 -0.126137 	 -0.542937 	 -4.870718 	 -8.453099 	 -5.818390 	 7.078498 
2.519999 	 -0.129083 	 -0.552975 	 -4.760772 	 -8.353952 	 -5.750128 	 6.919108 
2.579998 	 -0.131966 	 -0.562719 	 -4.648862 	 -8.252679 	 -5.680398 	 6.756865 
2.639998 	 -0.134786 	 -0.572166 	 -4.535041 	 -8.149329 	 -5.609237 	 6.591846 
2.699998 	 -0.137543 	 -0.581311 	 -4.419389 	 -8.043943 	 -5.536673 	 6.424166 
2.759998 	 -0.140237 	 -0.590152 	 -4.301947 	 -7.936562 	 -5.462734 	 6.253886 
2.819998 	 -0.142866 	 -0.598685 	 -4.182804 	 -7.827255 	 -5.387467 	 6.081135 
2.879998 	 -0.145430 	 -0.606905 	 -4.062010 	 -7.716038 	 -5.310884 	 5.905986 
2.939998 	 -0.147928 	 -0.614810 	 -3.939640 	 -7.602969 	 -5.233027 	 5.728545 
2.999998 	 -0.150361 	 -0.622397 	 -3.815752 	 -7.488096 	 -5.153926 	 5.548900 
3.059998 	 -0.143058 	 -0.589597 	 -3.599195 	 -0.286140 	 -0.220253 	 5.233919 
3.119998 	 -0.136137 	 -0.558649 	 -3.396111 	 -0.308712 	 -0.234592 	 4.938541 
3.179998 	 -0.129577 	 -0.529438 	 -3.205543 	 -0.327072 	 -0.246099 	 4.661377 
3.239998 	 -0.123356 	 -0.501854 	 -3.026613 	 -0.341729 	 -0.255121 	 4.401145 
3.299998 	 -0.117454 	 -0.475799 	 -2.858516 	 -0.353135 	 -0.261965 	 4.156673 
3.359998 	 -0.111854 	 -0.451178 	 -2.700510 	 -0.361691 	 -0.266903 	 3.926883 
3.419998 	 -0.106537 	 -0.427905 	 -2.551913 	 -0.367750 	 -0.270175 	 3.710782 
3.479998 	 -0.101489 	 -0.405898 	 -2.412098 	 -0.371626 	 -0.271993 	 3.507455 
3.539998 	 -0.096693 	 -0.385084 	 -2.280485 	 -0.373599 	 -0.272547 	 3.316060 
3.599998 	 -0.092137 	 -0.365391 	 -2.156541 	 -0.373915 	 -0.272004 	 3.135821 
3.659997 	 -0.087807 	 -0.346753 	 -2.039769 	 -0.372794 	 -0.270512 	 2.966014 
3.719997 	 -0.083690 	 -0.329111 	 -1.929711 	 -0.370431 	 -0.268203 	 2.805973 
3.779997 	 -0.079776 	 -0.312405 	 -1.825943 	 -0.366998 	 -0.265193 	 2.655081 
3.839997 	 -0.076053 	 -0.296584 	 -1.728070 	 -0.362648 	 -0.261586 	 2.512764 
3.899997 	 -0.072512 	 -0.281596 	 -1.635728 	 -0.357518 	 -0.257474 	 2.378489 
3.959997 	 -0.069142 	 -0.267395 	 -1.548574 	 -0.351728 	 -0.252938 	 2.251760 
4.019997 	 -0.065935 	 -0.253936 	 -1.466292 	 -0.345386 	 -0.248050 	 2.132118 
4.079997 	 -0.062883 	 -0.241179 	 -1.388589 	 -0.338586 	 -0.242873 	 2.019134 
4.139997 	 -0.059977 	 -0.229084 	 -1.315188 	 -0.331412 	 -0.237464 	 1.912406 
4.199997 	 -0.057209 	 -0.217615 	 -1.245833 	 -0.323938 	 -0.231872 	 1.811563 
4.259997 	 -0.054574 	 -0.206738 	 -1.180284 	 -0.316230 	 -0.226141 	 1.716254 
4.319997 	 -0.052064 	 -0.196420 	 -1.118318 	 -0.308345 	 -0.220311 	 1.626156 
4.379997 	 -0.049673 	 -0.186631 	 -1.059726 	 -0.300335 	 -0.214414 	 1.540963 
4.439997 	 -0.047395 	 -0.177343 	 -1.004311 	 -0.292245 	 -0.208481 	 1.460391 
4.499997 	 -0.045224 	 -0.168529 	 -0.951890 	 -0.284113 	 -0.202537 	 1.384173 
4.559997 	 -0.043155 	 -0.160163 	 -0.902293 	 -0.275974 	 -0.196606 	 1.312060 
4.619997 	 -0.041183 	 -0.152222 	 -0.855358 	 -0.267858 	 -0.190706 	 1.243818 
4.679996 	 -0.039303 	 -0.144683 	 -0.810934 	 -0.259791 	 -0.184856 	 1.179227 
4.739996 	 -0.037511 	 -0.137525 	 -0.768879 	 -0.251796 	 -0.179069 	 1.118081 
4.799996 	 -0.035802 	 -0.130728 	 -0.729061 	 -0.243892 	 -0.173359 	 1.060188 
4.859996 	 -0.034173 	 -0.124273 	 -0.691355 	 -0.236096 	 -0.167736 	 1.005365 
4.919996 	 -0.032619 	 -0.118142 	 -0.655644 	 -0.228422 	 -0.162209 	 0.953442 
4.979996 	 -0.031137 	 -0.112318 	 -0.621816 	 -0.220881 	 -0.156786 	 0.904257 
5.039996 	 -0.029723 	 -0.106786 	 -0.589768 	 -0.213484 	 -0.151474 	 0.857661 
5.099996 	 -0.028375 	 -0.101530 	 -0.559404 	 -0.206240 	 -0.146276 	 0.813513 
5.159996 	 -0.027089 	 -0.096536 	 -0.530630 	 -0.199154 	 -0.141198 	 0.771677 
5.219996 	 -0.025862 	 -0.091790 	 -0.503361 	 -0.192232 	 -0.136242 	 0.732028 
5.279996 	 -0.024691 	 -0.087281 	 -0.477514 	 -0.185478 	 -0.131411 	 0.694447 
5.339996 	 -0.023574 	 -0.082995 	 -0.453013 	 -0.178895 	 -0.126707 	 0.658824 
5.399996 	 -0.022508 	 -0.078922 	 -0.429785 	 -0.172485 	 -0.122129 	 0.625051 
5.459996 	 -0.021490 	 -0.075051 	 -0.407763 	 -0.166249 	 -0.117680 	 0.593031 
5.519996 	 -0.020519 	 -0.071371 	 -0.386881 	 -0.160188 	 -0.113358 	 0.562669 
5.579996 	 -0.019593 	 -0.067872 	 -0.367080 	 -0.154301 	 -0.109163 	 0.533878 
5.639996 	 -0.018708 	 -0.064547 	 -0.348300 	 -0.148588 	 -0.105094 	 0.506572 
5.699996 	 -0.017864 	 -0.061385 	 -0.330489 	 -0.143047 	 -0.101150 	 0.480675 
5.759995 	 -0.017058 	 -0.058379 	 -0.313595 	 -0.137676 	 -0.097329 	 0.456111 
5.819995 	 -0.016289 	 -0.055521 	 -0.297570 	 -0.132474 	 -0.093631 	 0.432810 
5.879995 	 -0.015554 	 -0.052803 	 -0.282368 	 -0.127437 	 -0.090051 	 0.410705 
5.939995 	 -0.014853 	 -0.050218 	 -0.267946 	 -0.122564 	 -0.086590 	 0.389734 
5.999995 	 -0.014184 	 -0.047761 	 -0.254263 	 -0.117851 	 -0.083244 	 0.369838 
6.059995 	 -0.013545 	 -0.045424 	 -0.241281 	 -0.113296 	 -0.080010 	 0.350960 
6.119995 	 -0.012935 	 -0.043201 	 -0.228962 	 -0.108894 	 -0.076888 	 0.333048 
6.179995 	 -0.012352 	 -0.041087 	 -0.217273 	 -0.104643 	 -0.073873 	 0.316050 
6.239995 	 -0.011796 	 -0.039077 	 -0.206180 	 -0.100538 	 -0.070963 	 0.299921 
6.299995 	 -0.011265 	 -0.037165 	 -0.195654 	 -0.096577 	 -0.068156 	 0.284614 
6.359995 	 -0.010757 	 -0.035346 	 -0.185664 	 -0.092756 	 -0.065449 	 0.270086 
6.419995 	 -0.010273 	 -0.033616 	 -0.176183 	 -0.089071 	 -0.062839 	 0.256299 
6.479995 	 -0.009811 	 -0.031971 	 -0.167185 	 -0.085518 	 -0.060323 	 0.243214 
6.539995 	 -0.009369 	 -0.030406 	 -0.158644 	 -0.082094 	 -0.057900 	 0.230794 
6.599995 	 -0.008947 	 -0.028917 	 -0.150538 	 -0.078795 	 -0.055565 	 0.219006 
6.659995 	 -0.008544 	 -0.027501 	 -0.142844 	 -0.075618 	 -0.053317 	 0.207817 
6.719995 	 -0.008159 	 -0.026154 	 -0.135540 	 -0.072558 	 -0.051153 	 0.197196 
6.779994 	 -0.007792 	 -0.024873 	 -0.128608 	 -0.069612 	 -0.049070 	 0.187114 
6.839994 	 -0.007441 	 -0.023653 	 -0.122027 	 -0.066777 	 -0.047066 	 0.177544 
6.899994 	 -0.007106 	 -0.022494 	 -0.115781 	 -0.064049 	 -0.045137 	 0.168460 
6.959994 	 -0.006786 	 -0.021391 	 -0.109851 	 -0.061424 	 -0.043283 	 0.159836 
7.019994 	 -0.006480 	 -0.020341 	 -0.104223 	 -0.058900 	 -0.041499 	 0.151650 
7.079994 	 -0.006188 	 -0.019343 	 -0.098879 	 -0.056472 	 -0.039785 	 0.143878 
7.139994 	 -0.005909 	 -0.018393 	 -0.093807 	 -0.054138 	 -0.038136 	 0.136501 
7.199994 	 -0.005643 	 -0.017490 	 -0.088992 	 -0.051895 	 -0.036552 	 0.129498 
7.259994 	 -0.005388 	 -0.016630 	 -0.084421 	 -0.049739 	 -0.035030 	 0.122850 
7.319994 	 -0.005145 	 -0.015813 	 -0.080082 	 -0.047667 	 -0.033568 	 0.116539 
7.379994 	 -0.004913 	 -0.015035 	 -0.075963 	 -0.045677 	 -0.032163 	 0.110547 
7.439994 	 -0.004692 	 -0.014295 	 -0.072053 	 -0.043765 	 -0.030815 	 0.104860 
7.499994 	 -0.004480 	 -0.013591 	 -0.068341 	 -0.041929 	 -0.029519 	 0.099461 
7.559994 	 -0.004278 	 -0.012921 	 -0.064817 	 -0.040166 	 -0.028276 	 0.094335 
7.619994 	 -0.004084 	 -0.012284 	 -0.061472 	 -0.038473 	 -0.027082 	 0.089470 
7.679994 	 -0.003900 	 -0.011678 	 -0.058297 	 -0.036848 	 -0.025936 	 0.084851 
7.739994 	 -0.003724 	 -0.011101 	 -0.055283 	 -0.035289 	 -0.024836 	 0.080467 
7.799994 	 -0.003555 	 -0.010553 	 -0.052422 	 -0.033792 	 -0.023781 	 0.076305 
7.859993 	 -0.003395 	 -0.010031 	 -0.049707 	 -0.032356 	 -0.022768 	 0.072354 
7.919993 	 -0.003241 	 -0.009535 	 -0.047129 	 -0.030978 	 -0.021797 	 0.068604 
7.979993 	 -0.003094 	 -0.009063 	 -0.044682 	 -0.029656 	 -0.020866 	 0.065045 
8.039993 	 -0.002954 	 -0.008614 	 -0.042360 	 -0.028388 	 -0.019972 	 0.061666 
8.099994 	 -0.002821 	 -0.008187 	 -0.040156 	 -0.027172 	 -0.019115 	 0.058460 
8.159994 	 -0.002693 	 -0.007781 	 -0.038064 	 -0.026006 	 -0.018294 	 0.055416 
8.219995 	 -0.002571 	 -0.007394 	 -0.036079 	 -0.024888 	 -0.017506 	 0.052527 
8.279995 	 -0.002454 	 -0.007027 	 -0.034194 	 -0.023816 	 -0.016751 	 0.049786 
8.339995 	 -0.002343 	 -0.006677 	 -0.032406 	 -0.022788 	 -0.016027 	 0.047184 
8.399996 	 -0.002236 	 -0.006344 	 -0.030709 	 -0.021803 	 -0.015334 	 0.044715 
8.459996 	 -0.002135 	 -0.006028 	 -0.029099 	 -0.020859 	 -0.014669 	 0.042372 
8.519997 	 -0.002038 	 -0.005727 	 -0.027571 	 -0.019954 	 -0.014032 	 0.040148 
8.579997 	 -0.001945 	 -0.005441 	 -0.026121 	 -0.019087 	 -0.013421 	 0.038038 
8.639997 	 -0.001857 	 -0.005169 	 -0.024745 	 -0.018257 	 -0.012837 	 0.036036 
8.699998 	 -0.001772 	 -0.004911 	 -0.023439 	 -0.017461 	 -0.012276 	 0.034137 
8.759998 	 -0.001692 	 -0.004665 	 -0.022201 	 -0.016698 	 -0.011740 	 0.032334 
8.819999 	 -0.001615 	 -0.004431 	 -0.021026 	 -0.015968 	 -0.011226 	 0.030624 
8.879999 	 -0.001541 	 -0.004208 	 -0.019911 	 -0.015269 	 -0.010734 	 0.029002 
8.940000 	 -0.001471 	 -0.003997 	 -0.018854 	 -0.014599 	 -0.010262 	 0.027463 
9.000000 	 -0.001404 	 -0.003796 	 -0.017851 	 -0.013957 	 -0.009811 	 0.026003 
9.060000 	 -0.001340 	 -0.003604 	 -0.016899 	 -0.013343 	 -0.009379 	 0.024618 
9.120001 	 -0.001278 	 -0.003423 	 -0.015997 	 -0.012755 	 -0.008965 	 0.023305 
9.180001 	 -0.001220 	 -0.003250 	 -0.015141 	 -0.012192 	 -0.008569 	 0.022059 
9.240002 	 -0.001164 	 -0.003085 	 -0.014330 	 -0.011653 	 -0.008190 	 0.020878 
9.300002 	 -0.001111 	 -0.002929 	 -0.013560 	 -0.011137 	 -0.007827 	 0.019758 
9.360003 	 -0.001060 	 -0.002781 	 -0.012830 	 -0.010643 	 -0.007479 	 0.018695 
9.420003 	 -0.001012 	 -0.002639 	 -0.012138 	 -0.010171 	 -0.007147 	 0.017688 
9.480003 	 -0.000965 	 -0.002505 	 -0.011482 	 -0.009718 	 -0.006829 	 0.016732 
9.540004 	 -0.000921 	 -0.002378 	 -0.010860 	 -0.009286 	 -0.006525 	 0.015827 
9.600004 	 -0.000879 	 -0.002257 	 -0.010270 	 -0.008871 	 -0.006233 	 0.014968 
9.660005 	 -0.000838 	 -0.002141 	 -0.009711 	 -0.008475 	 -0.005955 	 0.014154 
9.720005 	 -0.000800 	 -0.002032 	 -0.009181 	 -0.008096 	 -0.005688 	 0.013383 
9.780005 	 -0.000763 	 -0.001928 	 -0.008679 	 -0.007734 	 -0.005433 	 0.012652 
9.840006 	 -0.000728 	 -0.001829 	 -0.008203 	 -0.007387 	 -0.005189 	 0.011959 
9.900006 	 -0.000694 	 -0.001735 	 -0.007752 	 -0.007055 	 -0.004956 	 0.011302 
9.960007 	 -0.000662 	 -0.001646 	 -0.007325 	 -0.006738 	 -0.004733 	 0.010680 
10.020007 	 -0.000632 	 -0.001561 	 -0.006920 	 -0.006434 	 -0.004520 	 0.010090 
10.080008 	 -0.000603 	 -0.001480 	 -0.006537 	 -0.006144 	 -0.004316 	 0.009532 
10.140008 	 -0.000575 	 -0.001404 	 -0.006173 	 -0.005866 	 -0.004121 	 0.009003 
10.200008 	 -0.000548 	 -0.001331 	 -0.005829 	 -0.005601 	 -0.003934 	 0.008501 
10.260009 	 -0.000523 	 -0.001262 	 -0.005503 	 -0.005347 	 -0.003756 	 0.008027 
10.320009 	 -0.000499 	 -0.001196 	 -0.005195 	 -0.005105 	 -0.003586 	 0.007577 
10.380010 	 -0.000476 	 -0.001134 	 -0.004902 	 -0.004873 	 -0.003423 	 0.007151 
10.440010 	 -0.000453 	 -0.001075 	 -0.004626 	 -0.004651 	 -0.003267 	 0.006748 
10.500010 	 -0.000432 	 -0.001019 	 -0.004364 	 -0.004439 	 -0.003118 	 0.006366 
10.560011 	 -0.000412 	 -0.000965 	 -0.004116 	 -0.004237 	 -0.002976 	 0.006005 
10.620011 	 -0.000393 	 -0.000915 	 -0.003881 	 -0.004044 	 -0.002840 	 0.005663 
10.680012 	 -0.000375 	 -0.000867 	 -0.003659 	 -0.003859 	 -0.002710 	 0.005339 
10.740012 	 -0.000357 	 -0.000821 	 -0.003448 	 -0.003682 	 -0.002586 	 0.005033 
10.800013 	 -0.000341 	 -0.000777 	 -0.003250 	 -0.003513 	 -0.002467 	 0.004743 
10.860013 	 -0.000325 	 -0.000736 	 -0.003061 	 -0.003352 	 -0.002354 	 0.004469 
10.920013 	 -0.000310 	 -0.000697 	 -0.002883 	 -0.003198 	 -0.002245 	 0.004210 
10.980014 	 -0.000295 	 -0.000660 	 -0.002715 	 -0.003050 	 -0.002142 	 0.003964 
11.040014 	 -0.000281 	 -0.000625 	 -0.002556 	 -0.002910 	 -0.002043 	 0.003732 
11.100015 	 -0.000268 	 -0.000592 	 -0.002405 	 -0.002775 	 -0.001949 	 0.003513 
11.160015 	 -0.000256 	 -0.000560 	 -0.002263 	 -0.002647 	 -0.001859 	 0.003305 
11.220016 	 -0.000244 	 -0.000530 	 -0.002128 	 -0.002524 	 -0.001772 	 0.003109 
11.280016 	 -0.000232 	 -0.000501 	 -0.002001 	 -0.002407 	 -0.001690 	 0.002924 
11.340016 	 -0.000221 	 -0.000474 	 -0.001881 	 -0.002296 	 -0.001612 	 0.002749 
11.400017 	 -0.000211 	 -0.000449 	 -0.001768 	 -0.002189 	 -0.001537 	 0.002583 
11.460017 	 -0.000201 	 -0.000424 	 -0.001660 	 -0.002087 	 -0.001465 	 0.002427 
11.520018 	 -0.000192 	 -0.000401 	 -0.001559 	 -0.001990 	 -0.001397 	 0.002279 
11.580018 	 -0.000182 	 -0.000379 	 -0.001463 	 -0.001897 	 -0.001332 	 0.002140 
11.640018 	 -0.000174 	 -0.000359 	 -0.001373 	 -0.001808 	 -0.001269 	 0.002008 
11.700019 	 -0.000166 	 -0.000339 	 -0.001288 	 -0.001723 	 -0.001210 	 0.001884 
11.760019 	 -0.000158 	 -0.000320 	 -0.001207 	 -0.001642 	 -0.001153 	 0.001766 
11.820020 	 -0.000150 	 -0.000302 	 -0.001132 	 -0.001565 	 -0.001099 	 0.001655 
11.880020 	 -0.000143 	 -0.000286 	 -0.001060 	 -0.001492 	 -0.001047 	 0.001551 
11.940021 	 -0.000136 	 -0.000270 	 -0.000992 	 -0.001421 	 -0.000998 	 0.001452 
12.000021 	 -0.000130 	 -0.000255 	 -0.000929 	 -0.001354 	 -0.000951 	 0.001359 
